"Company Name","Website","Email","Additional Emails","Phone","Tags"
"Mustard","https://www.tastingtable.com/929918/mustard-crusted-rack-of-lamb-recipe/","staff@tastingtable.com","","+10772036939","restaurants in long beach"
"Restaurants in Long Beach","https://www.visitlongbeach.com/food-drink/restaurants/","info@longbeachcvb.org","info@visitlb.com","+11181920306","restaurants in long beach"
"What Makes Roman","https://www.tastingtable.com/937901/what-makes-roman-style-pizza-unique/","staff@tastingtable.com","","+10772036939","restaurants in long beach"
"Static Media","https://www.static.com/","","","+18082376047","restaurants in long beach"
"Custom Vegan Cakes in Long Beach, CA","https://www.sanandwolves.com/cake","info@sanandwolves.com","13e49d785d8d4f828038b6136f3b48ba@sentry.io","+19663841088","restaurants in long beach"
"Advertise with Static Media","https://static.com/advertise","","","+11748470836","restaurants in long beach"
"Boston Archives","https://restaurantobserver.com/tag/boston/","","","+11445203416","restaurants in long beach"
"Accessibility","https://www.voxmedia.com/legal/accessibility","accessibility@voxmedia.com","","+11561774335","restaurants in long beach"
"ALIVE","https://localemagazine.com/what-to-do-in-southern-california/what-to-do-in-orange-county/","","","+16927534270","restaurants in long beach"
"The World Famous Reno Room is located on the corner of Broadway and Redondo in the heart of Belmont... 3400 E Broadway, Long Beach, CA 90803.","https://www.therenoroom.com/","renoroom@ymail.com","","+15624384590","restaurants in long beach"
"New Orleans Archives","https://restaurantobserver.com/category/hot-cities/new-orleans/","","","+11445203416","restaurants in long beach"
"Tasting Table (@tastingtable) on Flipboard","https://flipboard.com/@TastingTable","mia@theverge.com","georgetakei@universeodon.com, vivllainous@threads.net, joseph.menn@washpost.com, keithedwards@threads.net, ami.l.berger@threads.net, technicallymims@threads.net, soren.iverson@threads.net, gaberivera@threads.net, thecontinent@mas.to, agreenberg@infosec.exchange, reporterzoe@threads.net, notionhq@threads.net, zackwhittaker@mastodon.social, viticci@mastodon.macstories.net, dudes4harris@threads.net, b_fung@masto.ai, davidimel@threads.net, adamparkhomenko@threads.net, mattnavarra@threads.net, calm@threads.net, thekristenjohnston@threads.net, oliver.darcy@cnn.com, amandalitm@threads.net, realjuddlegum@threads.net, oliviaoftroye@threads.net, gargron@mastodon.social, jkottke@threads.net, kylie.robison@threads.net, rbr.music@threads.net, 90ed891e95d44b5a80d15eba76cee239@sentry.flipboard.com, mcuban@threads.net, anneapplebaum@journa.host, micahflee@infosec.exchange, visitsandiego@threads.net, stshank@mstdn.social, pomarede@mastodon.social, edmundlee@threads.net, mosseri@www.threads.net, manton@threads.net, johngreenwritesbooks@threads.net, zuck@threads.net, walkerbragman@threads.net, artdeco.joe@threads.net, imdavidpierce@threads.net, kathhayhoe@climatejustice.rocks, briankrebs@infosec.exchange, drewharwell@mastodon.social, crumbler@threads.net, alyssam_infosec@infosec.exchange, fluent.in.finance@threads.net, niallfirth@threads.net, mazzystar@threads.net, joanwestenberg@threads.net, quillmatiq@threads.net, sarahp@mastodon.social, mohu@threads.net, labmuffinbeautyscience@threads.net, britishantarcticsurvey@threads.net, stephenreports@threads.net, noahshachtman@threads.net, kalihays1@threads.net, potus@threads.net, profgalloway@threads.net, exhaustedfemalefounder@threads.net, passantino@threads.net, kateaconger@threads.net, a@anildash.com, film_girl@mastodon.social, docpop@threads.net, mkbhd@threads.net, christomlinsonwriter@threads.net, feliciaday@threads.net, willoremus@threads.net, skrishna@wandering.shop, thebadastronomer@threads.net, msftnews@threads.net, parkermolloy@threads.net, sorayamcdonald@threads.net, miasato.2@threads.net, davidho@mastodon.world, reckless1280@threads.net, theericajoy@threads.net, heidilifeldman@mastodon.social, beyondmeat@threads.net, joannebfreeman@threads.net, brian.fung@cnn.com, the_downballot@threads.net, mathewi@threads.net, pbump@journa.host, ben@werd.social, kalihnews@proton.me, theleftistlawyer@threads.net, josephmenn@infosec.exchange, tastingtable@flipboard.com, jkottke@saturation.social, janefriedman@threads.net, w7voa@journa.host, pkafka@threads.net, scottbeale@threads.net, alex@cybervillains.com, vincedmonroy@threads.net, whatfranwore@threads.net, ianbremmer@threads.net, salesforce@threads.net, molly0xfff@hachyderm.io, thespacemechanic@threads.net, rbreich@masto.ai, ricmac@mastodon.social, chris@threads.net, _elena@mastodon.social, lisatozzi@threads.net, renewable_energy_club@threads.net, evan@cosocial.ca, rkrelentless@threads.net, tomwarrenuk@threads.net, tchambers@indieweb.social, paulscheer@threads.net, gtconway3@threads.net, ethanzuckerman@threads.net, tatianailyina@mas.to, hacks4pancakes@infosec.exchange, whitehouse46archive@threads.net, sselbe@threads.net, harrymccracken@mastodon.social, marklevinenyc@threads.net, barackobama@threads.net, david@theverge.com, moskov@threads.net, coveringclimate@threads.net, jdickerson@threads.net, josephinelee@texasobserver.social, thekenyeung@mastodon.social, mike_isaac@threads.net, gostargazing@threads.net, katieharbath@threads.net, geographybygeoff@threads.net, percepticon@ioc.exchange, thecultureofme@threads.net, davidfrenchjag@threads.net, publisher_support@flipboard.com, karaswisher@threads.net, daveleebbg@threads.net, ninasimone@threads.net, hankgreen@threads.net, annaleen@wandering.shop, julia__angwin@threads.net, brianstelter@threads.net, parismarx@mastodon.online, timkmak@journa.host, hubermanlab@threads.net, brianbilston@mastodon.online, petershankman@threads.net, pjvogt@threads.net, davechensky@threads.net, lisamelton@mastodon.social, clarajeffery@threads.net, sarahp@techcrunch.com, dlee1285@bloomberg.net, benjaminwittes@threads.net, alxwinter@threads.net, thedarktangent@defcon.social, globalecoguy@threads.net, mmasnick@mastodon.social, jerilryan@threads.net, mac_ryan_@threads.net, taylorlorenz@mastodon.social, lanceulanoff@threads.net, mrjoncryer@threads.net, hello@soreniverson.com, agreenberg@wired.com, joyannreid@threads.net, alexheath@threads.net, grand_canyon_conservancy@threads.net, sarahp@mastodon.xyz, gbrockell@threads.net, the_coach_life@threads.net, noelreports@mstdn.social, linguisticdiscovery@threads.net, jeffjarvis@mastodon.social, anderspuck@krigskunst.social, kathhayhoe@fediscience.org, parismarx@threads.net, anildash@threads.net, personality_of_colt@threads.net, greg_jenner@threads.net, whatfranwore@gmail.com, swifties4hope@threads.net, radiofreetom@threads.net, timoni@threads.net, reidhoffman@threads.net, nzack.whittaker@techcrunch.com, aaron.rupar@threads.net, joshrubin@threads.net, thewalkingdead@threads.net, oliverdarcy@threads.net, davmicrot@threads.net, johnonolan@threads.net, aswinn@threads.net, timfullerton@threads.net, mgsiegler@threads.net, mollyjongfast@threads.net, jonhenshaw@threads.net, jillsmokler@threads.net, helenbranswell@scicomm.xyz, salrodriguez@threads.net, chrisgeidner@journa.host","+12488294370","restaurants in long beach"
"Su Casa · Locale Magazine","https://localemagazine.com/ultimate-travel-guides/su-casa/","","","+16927534270","restaurants in long beach"
"Static Media®","https://www.static.com/tastingtable-privacy-policy","privacy@static.com","info@static.com","+15681374933","restaurants in long beach"
"Contact","https://restaurantobserver.com/contact/","","","+13507100601","restaurants in long beach"
"AMMATOLI","http://www.ammatoli.com/","info@ammatoli.com","","+15624350808","restaurants in long beach"
"Farm","https://www.tastingtable.com/694195/garden-restaurants-farm-table/","staff@tastingtable.com","","+10772036939","restaurants in long beach"
"Restaurant Observer","https://restaurantobserver.com/","","","+14643505959","restaurants in long beach"
"Sign in","https://travellemming.com/wp-login.php?loginSocial=google&redirect=https%3A%2F%2Ftravellemming.com%2Flong-beach-restaurants%2F","nate@travellemming.com","","+10142857143","restaurants in long beach"
"Denver Archives","https://restaurantobserver.com/tag/denver/","","","+11414164240","restaurants in long beach"
"Writer","https://localemagazine.com/author/allielebos/?mab_v3=145278","","","+16927534270","restaurants in long beach"
"Evansville Archives","https://restaurantobserver.com/tag/evansville/","","","+11445203416","restaurants in long beach"
"Breakfast Bar to open 4th Street location on Valentine's morning","https://longbeachize.com/articles/food-breakfast-bar-belmont-heights-second-location-brian-addison/","","","+19241777466","restaurants in long beach"
"twitter.com","https://twitter.com/tastingtable","","","+12231777543","restaurants in long beach"
"Login","https://travellemming.com/login/?action=forgot_password","","","+19003968982","restaurants in long beach"
"12 Best Restaurants in Long Branch, NJ 2025","https://restaurantobserver.com/restaurants-in-long-branch-new-jersey/","","","+12855200715","restaurants in long beach"
"Hawaiian Islands · Locale Magazine","https://localemagazine.com/hawaiian-islands/","","","+16927534270","restaurants in long beach"
"The 18 Best Korean BBQ Spots In LA","https://www.tastingtable.com/1168446/the-best-korean-bbq-spots-in-la/","staff@tastingtable.com","","+10772036939","restaurants in long beach"
"Olive & Rose","https://oliveandrose.fullbellyfoodgroup.com/","reservations@oliveandroselb.com","info@oliveandroselb.com","+15628258009","restaurants in long beach"
"Some Of L.A.'s Best Cambodian Food Is Only Available On Instagram","https://www.tastingtable.com/695716/khemla-los-angeles-instagram-cambodian-delivery/","staff@tastingtable.com","","+10772036939","restaurants in long beach"
"Static Media®","https://www.static.com/terms","","","+11748470836","restaurants in long beach"
"What Is Soju?","https://www.tastingtable.com/694438/what-is-soju-how-to-drink/","staff@tastingtable.com","","+10772036939","restaurants in long beach"
"Gusto Bread","https://gustobread.com/","","","+11750710403","restaurants in long beach"
"The 20 Best New Restaurants In Los Angeles 2022","https://www.tastingtable.com/1148804/best-new-restaurants-in-la/","staff@tastingtable.com","","+10772036939","restaurants in long beach"
"Sura Korean BBQ Restaurant Soju","http://www.surakbbq.com/","","","+15624957872","restaurants in long beach"
"Travel Lemming Passport (Annual)","https://travellemming.com/subscribe/travel-lemming-passport-annual/","","","+19003968982","restaurants in long beach"
"12 Best Restaurants in Palm Beach Gardens, FL 2025","https://restaurantobserver.com/restaurants-in-palm-beach-gardens-florida/","","","+15600285234","restaurants in long beach"
"Colorado Archives","https://restaurantobserver.com/tag/colorado/","","","+16622273534","restaurants in long beach"
"Travel Lemming Forum","https://travellemming.com/community/","","","+10059294347","restaurants in long beach"
"Dallas Archives","https://restaurantobserver.com/tag/dallas/","","","+13471746666","restaurants in long beach"
"Subscribe to Travel Lemming Passport. Support Real Creators.","https://travellemming.com/passport/","travel@travellemming.com","","+19003968982","restaurants in long beach"
"Rib Company","https://www.ribcompany.com/","","","+19496312110","restaurants in long beach"
"Sushi Kinoya, Long Beach 5521 E Stearns St 90815","http://sushikinoya.food-places.com","","","+18169175608","restaurants in long beach"
"Sky Room Fine Dining Restaurant","https://www.fairmont-breakers.com/dine/sky-room/","","","+11713290380","restaurants in long beach"
"Travel Lemming","https://travellemming.com/","","","+11428571429","restaurants in long beach"
"Houston Archives","https://restaurantobserver.com/tag/houston/","","","+11445203416","restaurants in long beach"
"Eater","https://www.eater.com/rss/index.xml","","","+10043679232","restaurants in long beach"
"Eater Ethics Statement","https://www.eater.com/pages/eater-ethics-statement","","","+15499232883","restaurants in long beach"
"USA guides","https://travellemming.com/usa/","","","+12256969048","restaurants in long beach"
"Selva Long Beach","http://www.selvalbc.com/","","","+17860536149","restaurants in long beach"
"NEST BRKFST JOINT","https://eatnest.com/","","","+15997371017","restaurants in long beach"
"Travel Guides By Destination","https://travellemming.com/destinations/","","","+12256969048","restaurants in long beach"
"Community Guidelines","http://www.eater.com/pages/eater-community-guidelines","u003etips@eater.com","tips@eater.com","+13113215899","restaurants in long beach"
"Contact Travel Lemming","https://travellemming.com/contact/","","","+10801010800","restaurants in long beach"
"About Us","https://www.eater.com/pages/about","","","+15183277480","restaurants in long beach"
"ALIVE","https://localemagazine.com/what-to-do-in-southern-california/what-to-do-in-los-angeles/","","","+16927534270","restaurants in long beach"
"How to Send Tips to Eater","https://www.eater.com/2017/11/1/16572850/send-secure-tips-to-eater","u003enational@eater.com","u003echicago@eater.com, la@eater.com, national@eater.com, u003ela@eater.com, chicago@eater.com","+15865370253","restaurants in long beach"
"Travel Tips","https://travellemming.com/travel-tips/","","","+12256969048","restaurants in long beach"
"Knolls Resaurant","http://knollsrestaurant.com/","","","+11752104971","restaurants in long beach"
"Press Room","https://www.eater.com/press-room","lauren.starke@voxmedia.com","dane.mcmillan@voxmedia.com, u003edane.mcmillan@voxmedia.com, u003elauren.starke@voxmedia.com","+17907230985","restaurants in long beach"
"FOODIE","https://localemagazine.com/best-restaurants-near-me/what-to-eat-drink-in-san-diego/","","","+18611464531","restaurants in long beach"
"Atlanta Archives","https://restaurantobserver.com/tag/atlanta/","","","+13970762421","restaurants in long beach"
"Perspectives","https://travellemming.com/perspectives/","","","+19003968982","restaurants in long beach"
"Lola’s Mexican Cuisine","http://www.lolasmexicancuisine.com/","","","+17176470588","restaurants in long beach"
"Alabama Archives","https://restaurantobserver.com/tag/alabama/","","","+12722303034","restaurants in long beach"
"localemagazine.com","https://localemagazine.com/best-happy-hours-in-long-beach/credit-sam-h-habibeh_ammatoli_amm4/#main","","","+12222222222","restaurants in long beach"
"Permissions & Licensing","https://www.voxmedia.com/pages/licensing","thedodo@wrightsmedia.com","thrillist@wrightsmedia.com, popsugar@wrightsmedia.com, thestrategist@wrightsmedia.com, theverge@wrightsmedia.com","+11561774335","restaurants in long beach"
"Boston Archives","https://restaurantobserver.com/category/hot-cities/boston/","","","+17632372524","restaurants in long beach"
"Cookie Policy","https://www.voxmedia.com/legal/cookie-policy","vmprivacy@voxmedia.com","","+11561774335","restaurants in long beach"
"The Town's Favorite Destination","http://shenaniganslb.com/","wendy.young.booking@gmail.com","","+11100338665","restaurants in long beach"
"Eater Maps Methodology","https://www.eater.com/pages/eater-maps-methodology","","","+15499232883","restaurants in long beach"
"Privacy Notice","https://www.voxmedia.com/legal/privacy-notice","vmprivacy@voxmedia.com","","+11561774335","restaurants in long beach"
"Worcester Archives","https://restaurantobserver.com/tag/worcester/","","","+12969381808","restaurants in long beach"
"California guides","https://travellemming.com/california/","","","+15477351034","restaurants in long beach"
"ALIVE","https://localemagazine.com/what-to-do-in-southern-california/what-to-do-in-las-vegas/","","","+16927534270","restaurants in long beach"
"Edison Archives","https://restaurantobserver.com/tag/edison/","","","+15950515200","restaurants in long beach"
"Thrillist","https://www.thrillist.com/","","","+11751315427","restaurants in long beach"
"McKenna Mobley, Author at Travel Lemming","https://travellemming.com/author/mckenna-mobley/","","","+12256969048","restaurants in long beach"
"Indianapolis Archives","https://restaurantobserver.com/tag/indianapolis/","","","+12969381808","restaurants in long beach"
"Brian Addison Profile and Activity","https://www.eater.com/authors/brian-addison","brian.addison@gmail.com","","+15865370253","restaurants in long beach"
"What’s In That Dessert? Vegetables.","https://www.eater.com/trends/892222/vegetable-dessert-restaurant-trend","","","+15865370253","restaurants in long beach"
"Venice Archives","https://restaurantobserver.com/tag/venice/","","","+11445203416","restaurants in long beach"
"17 of the Hands","https://localemagazine.com/best-pizza-places-in-orange-county/","","","+16927534270","restaurants in long beach"
"Travel Lemming","https://www.meetup.com/pro/travel-lemming/","","","+13600463395","restaurants in long beach"
"Farmington Archives","https://restaurantobserver.com/tag/farmington/","","","+15009021908","restaurants in long beach"
"Outdoor Activities · Locale Magazine","https://localemagazine.com/tag/outdoor/","","","+16927534270","restaurants in long beach"
"Las Vegas Archives","https://restaurantobserver.com/tag/las-vegas/","","","+18489949182","restaurants in long beach"
"Vox Media Status","https://status.voxmedia.com","","","+19432707626","restaurants in long beach"
"Gastropod","https://www.eater.com/gastropod-podcast-episodes","","","+10065789473","restaurants in long beach"
"Amarillo Archives","https://restaurantobserver.com/tag/amarillo/","","","+10858092929","restaurants in long beach"
"Terms of Use","https://www.voxmedia.com/legal/terms-of-use","copyright@voxmedia.com","tos.disputes@voxmedia.com","+11561774335","restaurants in long beach"
"Albuquerque Archives","https://restaurantobserver.com/tag/albuquerque/","","","+11445203416","restaurants in long beach"
"Jobs & Careers","https://travellemming.com/freelance-jobs/","","","+12256969048","restaurants in long beach"
"Mona Holmes Profile and Activity","https://www.eater.com/authors/mona-holmes","mona@eater.com","","+17312433955","restaurants in long beach"
"Directions & Contact","https://surakbbq.com/contact.php","surakbbqlongbeach@gmail.com","info@email.com","+15625495301","restaurants in long beach"
"The Best New Bartenders of 2025: Meet the Future of Bartending","https://punchdrink.com/articles/best-new-bartenders-2025/","info@punchdrink.com","","+10992840225","restaurants in long beach"
"SeaWorld San Diego Theme Park","https://localemagazine.com/ads/seaworld-rectangle/","","","+18007362808","restaurants in long beach"
"Chicago Archives","https://restaurantobserver.com/tag/chicago/","","","+16436332026","restaurants in long beach"
"Nonna Mercato","https://www.nonnamercato.com/","","","+15625951100","restaurants in long beach"
"Masthead","http://www.eater.com/pages/masthead","lillehammer.allen@voxmedia.com","thomas.daly@voxmedia.com, allison.hamlin@voxmedia.com, michelle.fox@voxmedia.com, carla@eater.com, nat.belkov@voxmedia.com, stephen@eater.com, gabby.lozano@voxmedia.com, emily.venezky@voxmedia.com, amanda.luansing@voxmedia.com, avery.dalal@eater.com, nadia.ahmad@voxmedia.com, frances.dumlao@voxmedia.com, jill.dehnert@voxmedia.com, ben.mesirow@voxmedia.com, stefania@eater.com, howie.burbidge@voxmedia.com, kaitlin.bray@voxmedia.com, jordan.shalhoub@voxmedia.com, talia.baiocchi@voxmedia.com, murilo@eater.com, sergio.scardigno@voxmedia.com, lucy@eater.com, christian.moreno@voxmedia.com, e.jamar@voxmedia.com, connor.reid@voxmedia.com, zoe.becker@eater.com, hilary.pollack@voxmedia.com","+15499232883","restaurants in long beach"
"Indianapolis Archives","https://restaurantobserver.com/category/hot-cities/indianapolis/","","","+11445203416","restaurants in long beach"
"Myrtle Beach Archives","https://restaurantobserver.com/tag/myrtle-beach/","","","+15356444544","restaurants in long beach"
"Gastronomy Blog by Cathy Chaplin","https://gastronomyblog.com/","","","+15422506654","restaurants in long beach"
"Emeryville Archives","https://restaurantobserver.com/tag/emeryville/","","","+10801010357","restaurants in long beach"
"Vegan Filipino Baked Goods in Long Beach and Los Angeles","https://www.sanandwolves.com/","info@sanandwolves.com","13e49d785d8d4f828038b6136f3b48ba@sentry.io","+11743725632","restaurants in long beach"
"Our Editorial Process","https://travellemming.com/editorial-process/","","","+12256969048","restaurants in long beach"
"PUNCH","https://punchdrink.com/","info@punchdrink.com","","+10992840225","restaurants in long beach"
"Cincinnati Archives","https://restaurantobserver.com/category/hot-cities/cincinnati/","","","+16838694949","restaurants in long beach"
"Fargo Archives","https://restaurantobserver.com/tag/fargo/","","","+11445203416","restaurants in long beach"
"FOODIE","https://localemagazine.com/best-restaurants-near-me/what-to-eat-drink-san-francisco/","","","+16927534270","restaurants in long beach"
"Seabirds Kitchen","https://www.seabirdskitchen.com/","stephanie@seabirdskitchen.com","","+11714598688","restaurants in long beach"
"Health · Locale Magazine","https://localemagazine.com/style-in-southern-california/health/","","","+16927534270","restaurants in long beach"
"Refund and Returns Policy","https://travellemming.com/refund-returns-policy/","","","+19003968982","restaurants in long beach"
"Kingâs Fish House","https://www.kingsfishhouse.com/longbeach","megifford@kingsseafood.com","joehernandez@kingsseafood.com, you@example.com, pineavenue@kingsseafood.com, mgifford@kingsseafood.com","+15624327463","restaurants in long beach"
"Sura Korean BBQ Restaurant Soju","https://surakbbq.com/","","","+15624957872","restaurants in long beach"
"Long Beach","https://travellemming.com/long-beach/","","","+12256969048","restaurants in long beach"
"About Travel Lemming","https://travellemming.com/about/","contact@travellemming.com","","+10016123307","restaurants in long beach"
"Regions · Locale Magazine","https://localemagazine.com/regions/","","","+16927534270","restaurants in long beach"
"HOME","http://ajseafoodshack.com/","605a7baede844d278b89dc95ae0a9123@sentry-next.wixpress.com","info@ajseafoodshack.com, 8eb368c655b84e029ed79ad7a5c1718e@sentry.wixpress.com","+11620858014","restaurants in long beach"
"17 Best Cities in Washington State (A Local’s Picks)","https://travellemming.com/cities-in-washington/","john@example.com","","+11226889995","restaurants in long beach"
"The 908","https://www.the908restaurant.com/","","","+15624205331","restaurants in long beach"
"The 28 Best Brunch Restaurants In Los Angeles","https://www.theinfatuation.com/los-angeles/guides/best-brunch-la-greatest-hits-list","support@theinfatuation.com","","+17005594064","restaurants in long beach"
"Wonho Photography","http://wonhophoto.com/","","","+18309508936","restaurants in long beach"
"Contact :The Social List","https://thesociallistlb.com/contact/","","","+11752898786","restaurants in long beach"
"The Breakfast Bar","http://www.the-breakfast-bar.com","info@the-breakfast-bar.com","","+17675154496","restaurants in long beach"
"Arlington Archives","https://restaurantobserver.com/tag/arlington/","","","+18782909198","restaurants in long beach"
"How to Pitch Stories to Eater","https://www.eater.com/2016/12/15/13962822/eater-pitching-guidelines-how-to-pitch","voices@eater.com","u003etravel@eater.com, u003eproduction@eater.com, houston@eater.com, miami@eater.com, travel@eater.com, phoenix@eater.com, pdx@eater.com, dc@eater.com, nashville@eater.com, minneapolis@eater.com, vegas@eater.com, u003evisuals@eater.com, shopping@eater.com, atlanta@eater.com, ny@eater.com, u003evoices@eater.com, u003eshopping@eater.com, carolinas@eater.com, detroit@eater.com, visuals@eater.com, editor@eater.com, u003eeditor@eater.com, la@eater.com, sf@eater.com, production@eater.com, sandiego@eater.com, dallas@eater.com, nola@eater.com, seattle@eater.com, chicago@eater.com, boston@eater.com, u003ecooking@eater.com, philly@eater.com, cooking@eater.com","+15865370253","restaurants in long beach"
"Our 50 Best Places to Travel in 2025","https://travellemming.com/best-places-to-travel-2025/","","","+19003968982","restaurants in long beach"
"San Diego's Newest Italian Restaurant","https://localemagazine.com/ads/sd-monthly-rotating-rectangle-banner-braemar-partnership-dba-evans-hotels/","","","+18584880551","restaurants in long beach"
"Las Vegas Archives","https://restaurantobserver.com/category/hot-cities/las-vegas/","","","+11445203416","restaurants in long beach"
"Bestia","https://www.theinfatuation.com/los-angeles/reviews/bestia","support@theinfatuation.com","","+17005594064","restaurants in long beach"
"Advertising Policy","https://travellemming.com/advertising-policy/","","","+12256969048","restaurants in long beach"
"Denver Archives","https://restaurantobserver.com/category/hot-cities/denver/","","","+11445203416","restaurants in long beach"
"Newsletters","https://www.eater.com/newsletters","","","+13699825479","restaurants in long beach"
"Alpharetta Archives","https://restaurantobserver.com/tag/alpharetta/","","","+11445203416","restaurants in long beach"
"Enrique’s","https://www.theinfatuation.com/los-angeles/reviews/enriques","support@theinfatuation.com","","+17005594064","restaurants in long beach"
"Lafayette Archives","https://restaurantobserver.com/tag/lafayette/","","","+17523263434","restaurants in long beach"
"Home","https://chlangden2020.wixsite.com/crystalthaicambodian","2062d0a4929b45348643784b5cb39c36@sentry.wixpress.com","605a7baede844d278b89dc95ae0a9123@sentry-next.wixpress.com, 8eb368c655b84e029ed79ad7a5c1718e@sentry.wixpress.com","+12545352419","restaurants in long beach"
"Travel News","https://travellemming.com/news/","","","+19003968982","restaurants in long beach"
"Fort Collins Archives","https://restaurantobserver.com/tag/fort-collins/","","","+17471636367","restaurants in long beach"
"twitter.com","https://twitter.com/infatuation","","","+13799375097","restaurants in long beach"
"Event Submissions · Locale Magazine","http://www.localemagazine.com/event-submissions/","","","+16927534270","restaurants in long beach"
"Santa Fe Archives","https://restaurantobserver.com/tag/santa-fe/","","","+10151002020","restaurants in long beach"
"Queensview Steakhouse","https://queensviewsteakhouse.com/","","","+16270747362","restaurants in long beach"
"Login","https://travellemming.com/login/","","","+19003968982","restaurants in long beach"
"Tasty Food To Go","https://www.theinfatuation.com/los-angeles/reviews/tasty-food-to-go","support@theinfatuation.com","","+17005594064","restaurants in long beach"
"Burlington Archives","https://restaurantobserver.com/tag/burlington/","","","+14045575750","restaurants in long beach"
"Washington D.C Archives","https://restaurantobserver.com/category/hot-cities/washington-d-c/","","","+14144575153","restaurants in long beach"
"San Diego Archives","https://restaurantobserver.com/category/hot-cities/san-diego/","","","+11445203416","restaurants in long beach"
"Opinion","https://travellemming.com/opinion/","","","+19003968982","restaurants in long beach"
"The Story of Travel Lemming","https://travellemming.com/story-of-travel-lemming/","john@example.com","","+12256969048","restaurants in long beach"
"AGEN338: Cara Cepat Daftar & Login untuk Menikmati Slot Online Terbaik","https://utopiarestaurant.net/contact-us","","","+18695867708","restaurants in long beach"
"Delaware Archives","https://restaurantobserver.com/tag/delaware/","","","+11445203416","restaurants in long beach"
"King's Fish House","https://www.kingsfishhouse.com/","you@example.com","","+19523621979","restaurants in long beach"
"Colorado Springs Archives","https://restaurantobserver.com/category/hot-cities/colorado-springs/","","","+12271746666","restaurants in long beach"
"19 Best Lakes in Colorado (By a Local)","https://travellemming.com/lakes-in-colorado/","","","+19003968982","restaurants in long beach"
"Privacy Policy","https://travellemming.com/privacy-policy/","","","+12256969048","restaurants in long beach"
"Terms of Use","https://travellemming.com/terms-of-use/","","","+17202959784","restaurants in long beach"
"Accessibility Statement","https://travellemming.com/accessibility/","","","+15848686809","restaurants in long beach"
"SHOPPE","https://localemagazine.com/style-in-southern-california/style-in-palm-springs/","","","+16927534270","restaurants in long beach"
"Tour Conditions","https://travellemming.com/tours/tour-conditions/","","","+11775998576","restaurants in long beach"
"Heritage","https://www.theinfatuation.com/los-angeles/reviews/heritage-long-beach","support@theinfatuation.com","","+17005594064","restaurants in long beach"
"home","https://www.ajiperuviancuisine.com/","605a7baede844d278b89dc95ae0a9123@sentry-next.wixpress.com","","+12545352419","restaurants in long beach"
"Arizona Archives","https://restaurantobserver.com/tag/arizona/","","","+11445203416","restaurants in long beach"
"Annapolis Archives","https://restaurantobserver.com/tag/annapolis/","","","+11445203416","restaurants in long beach"
"The Attic","https://www.theatticonbroadway.com/","info@theatticonbroadway.com","","+18024223234","restaurants in long beach"
"Zanesville Archives","https://restaurantobserver.com/tag/zanesville/","","","+16363613537","restaurants in long beach"
"Bloomington Archives","https://restaurantobserver.com/tag/bloomington/","","","+12271746666","restaurants in long beach"
"New York Archives","https://restaurantobserver.com/category/hot-cities/new-york/","","","+11445203416","restaurants in long beach"
"Jackson Archives","https://restaurantobserver.com/tag/jackson/","","","+10316025154","restaurants in long beach"
"Ellie's","https://ellieslbc.com/","user@domain.com","hello@ellieslbc.com","+11044067796","restaurants in long beach"
"Springfield Archives","https://restaurantobserver.com/tag/springfield/","","","+11445203416","restaurants in long beach"
"10 Best Restaurants in Jacksonville Beach, FL 2025","https://restaurantobserver.com/restaurants-in-jacksonville-beach-florida/","","","+14061931999","restaurants in long beach"
"Reservations","https://queensviewsteakhouse.com/reservations/","","","+11752868579","restaurants in long beach"
"RESERVATIONS","https://www.theordinarie.com/reservations","info@theordinarie.com","2062d0a4929b45348643784b5cb39c36@sentry.wixpress.com, 605a7baede844d278b89dc95ae0a9123@sentry-next.wixpress.com, 8eb368c655b84e029ed79ad7a5c1718e@sentry.wixpress.com","+10601119951","restaurants in long beach"
"About Locale · Locale Magazine","https://localemagazine.com/about-locale/","","","+16927534270","restaurants in long beach"
"Marlena Restaurant - Long Beach, CA","http://www.opentable.com/r/marlena-long-beach?ref=16825","info@marlena-longbeach.com","","+17822079096","restaurants in long beach"
"Sushi Nikkei - Bixby Knolls Restaurant - Long Beach, CA","http://www.opentable.com/r/sushi-nikkei-bixby-knolls-long-beach?ref=16825","","","+17822079096","restaurants in long beach"
"Gjusta","https://www.theinfatuation.com/los-angeles/reviews/gjusta","support@theinfatuation.com","","+17005594064","restaurants in long beach"
"Thai District","https://thaidistrictrestaurant.com/","","","+15629517181","restaurants in long beach"
"Thai District","https://www.theinfatuation.com/los-angeles/reviews/thai-district","support@theinfatuation.com","","+17005594064","restaurants in long beach"
"14 Best Restaurants in Long Island, NY 2025","https://restaurantobserver.com/restaurants-in-long-island-new-york/","","","+17483807433","restaurants in long beach"
"The 25 Best Tacos In Los Angeles","https://www.theinfatuation.com/los-angeles/guides/the-best-tacos-in-los-angeles","support@theinfatuation.com","","+17005594064","restaurants in long beach"
"Chicago Archives","https://restaurantobserver.com/category/hot-cities/chicago/","","","+11445203416","restaurants in long beach"
"Plainfield Archives","https://restaurantobserver.com/tag/plainfield/","","","+17174666766","restaurants in long beach"
"FOODIE","https://localemagazine.com/best-restaurants-near-me/what-to-eat-drink-in-palm-springs/","","","+16927534270","restaurants in long beach"
"New York Archives","https://restaurantobserver.com/tag/new-york/","","","+11445203416","restaurants in long beach"
"AMMATOLI Restaurant - Long Beach, CA","http://www.opentable.com/r/ammatoli-mediterranean-bites-long-beach?ref=16825","","","+15624350808","restaurants in long beach"
"Torrance Archives","https://restaurantobserver.com/tag/torrance/","","","+11445203416","restaurants in long beach"
"San Diego Archives","https://restaurantobserver.com/tag/san-diego/","","","+11445203416","restaurants in long beach"
"Pittsburgh Archives","https://restaurantobserver.com/tag/pittsburgh/","","","+12133323639","restaurants in long beach"
"SHOPPE","https://localemagazine.com/style-in-southern-california/style-in-las-vegas/","","","+16927534270","restaurants in long beach"
"contact","https://www.ajiperuviancuisine.com/contact","ajiperuviancuisine@gmail.com","605a7baede844d278b89dc95ae0a9123@sentry-next.wixpress.com","+12545352419","restaurants in long beach"
"ESCAPE","https://localemagazine.com/ultimate-travel-guides/home-away-los-angeles/","","","+16927534270","restaurants in long beach"
"Wilmington Archives","https://restaurantobserver.com/tag/wilmington/","","","+11445203416","restaurants in long beach"
"Best Spas · Locale Magazine","https://localemagazine.com/tag/spa/","","","+16927534270","restaurants in long beach"
"Miami Archives","https://restaurantobserver.com/tag/miami/","","","+11445203416","restaurants in long beach"
"Cafe Sevilla","https://www.cafesevilla.com/","","","+19496881555","restaurants in long beach"
"INTERNATIONAL · Locale Magazine","https://localemagazine.com/international/","","","+16927534270","restaurants in long beach"
"Baltimore Archives","https://restaurantobserver.com/tag/baltimore/","","","+11445203416","restaurants in long beach"
"Los Angeles Archives","https://restaurantobserver.com/category/hot-cities/los-angeles/","","","+17929785858","restaurants in long beach"
"twitter.com","https://twitter.com/intent/tweet?text=20+Best+Restaurants+in+Long+Beach%2C+CA+2025&url=https%3A%2F%2Frestaurantobserver.com%2Frestaurants-in-long-beach-california%2F","","","+12231777543","restaurants in long beach"
"Dayton Archives","https://restaurantobserver.com/tag/dayton/","","","+11445203416","restaurants in long beach"
"Carmel Archives","https://restaurantobserver.com/tag/carmel/","","","+10059524958","restaurants in long beach"
"Colorado Springs Archives","https://restaurantobserver.com/tag/colorado-springs/","","","+13633212021","restaurants in long beach"
"Restaurant Observer","https://restaurantobserver.com","","","+16175366300","restaurants in long beach"
"Atlanta Archives","https://restaurantobserver.com/category/hot-cities/atlanta/","","","+11445203416","restaurants in long beach"
"Detroit Archives","https://restaurantobserver.com/tag/detroit/","","","+11445203416","restaurants in long beach"
"Minneapolis Archives","https://restaurantobserver.com/category/hot-cities/minneapolis/","","","+16129877080","restaurants in long beach"
"About Us","https://restaurantobserver.com/about-us/","","","+12222232835","restaurants in long beach"
"Los Angeles Archives","https://restaurantobserver.com/tag/los-angeles/","","","+19396848581","restaurants in long beach"
"The Social List","https://thesociallistlb.com/","","","+11752898836","restaurants in long beach"
"Orlando Archives","https://restaurantobserver.com/category/hot-cities/orlando/","","","+11445203416","restaurants in long beach"
"Tucson Archives","https://restaurantobserver.com/tag/tucson/","","","+17372712338","restaurants in long beach"
"Bars Long Beach","https://www.theordinarie.com/","info@theordinarie.com","2062d0a4929b45348643784b5cb39c36@sentry.wixpress.com, 605a7baede844d278b89dc95ae0a9123@sentry-next.wixpress.com, 8eb368c655b84e029ed79ad7a5c1718e@sentry.wixpress.com","+12545352419","restaurants in long beach"
"Richmond Archives","https://restaurantobserver.com/tag/richmond/","","","+11445203416","restaurants in long beach"
"Other Cities Archives","https://restaurantobserver.com/category/other-cities/","","","+11445203416","restaurants in long beach"
"Fall into Aloha","https://localemagazine.com/ads/grand-wailea-in-story-2/","","","+18008886100","restaurants in long beach"
"Resy","https://resy.com/cities/lgb/ellies-ca","","","+11154101307","restaurants in long beach"
"Online Ordering","https://ordering.chownow.com/order/5441/locations?add_cn_ordering_class=true","","","+18386252841","restaurants in long beach"
"Florida Archives","https://restaurantobserver.com/tag/florida/","","","+12177726060","restaurants in long beach"
"Hot Cities Archives","https://restaurantobserver.com/category/hot-cities/","","","+11445203416","restaurants in long beach"
"Houston Archives","https://restaurantobserver.com/category/hot-cities/houston/","","","+15907111644","restaurants in long beach"
"Charlotte Archives","https://restaurantobserver.com/tag/charlotte/","","","+11445203416","restaurants in long beach"
"Austin Archives","https://restaurantobserver.com/tag/austin/","","","+11445203416","restaurants in long beach"
"Birmingham Archives","https://restaurantobserver.com/tag/birmingham/","","","+11445203416","restaurants in long beach"
"Des Moines Archives","https://restaurantobserver.com/tag/des-moines/","","","+11445203416","restaurants in long beach"
"localemagazine.com","https://localemagazine.com/best-long-beach-restaurants/gaucho-beach-g008-min/#main","","","+15555555555","restaurants in long beach"
"Miami Archives","https://restaurantobserver.com/category/hot-cities/miami/","","","+18287949092","restaurants in long beach"
"Dallas Archives","https://restaurantobserver.com/category/other-cities/dallas/","","","+16622273534","restaurants in long beach"
"Lakewood Archives","https://restaurantobserver.com/tag/lakewood/","","","+11445203416","restaurants in long beach"
"ESCAPE","https://localemagazine.com/ultimate-travel-guides/escape-southern-california/","","","+16927534270","restaurants in long beach"
"17 Best Restaurants in Huntington Beach, CA [2025 Updated]","https://restaurantobserver.com/restaurants-in-huntington-beach-ca/","","","+11180030344","restaurants in long beach"
"Sun’s Out, Fun’s Out: Why Long Beach Is the Ultimate Summer Playground","https://localemagazine.com/long-beach-summer-events/","","","+16927534270","restaurants in long beach"
"Dining · Locale Magazine","https://localemagazine.com/tag/dining/","","","+16927534270","restaurants in long beach"
"AGEN338: Cara Cepat Daftar & Login untuk Menikmati Slot Online Terbaik","https://utopiarestaurant.net/","","","+18695867708","restaurants in long beach"
"Palm Springs · Locale Magazine","https://localemagazine.com/palm-springs/","","","+16927534270","restaurants in long beach"
"Charleston Archives","https://restaurantobserver.com/tag/charleston/","","","+15919486878","restaurants in long beach"
"Online Ordering","https://ordering.chownow.com/order/14122/locations","","","+18386252841","restaurants in long beach"
"Privacy Policy","https://restaurantobserver.com/privacy-policy/","","","+11445203416","restaurants in long beach"
"Unique Dining in Los Angeles: Coolest Dining Experiences in LA","https://localemagazine.com/unique-dining-los-angeles/","tsbphoto@aol.com","","+16927534270","restaurants in long beach"
"The 908","https://www.the908restaurant.com","","","+15624205331","restaurants in long beach"
"Roseville Archives","https://restaurantobserver.com/tag/roseville/","","","+11445203416","restaurants in long beach"
"Reservations","https://www.cafesevilla.com/reservations","","","+19496881555","restaurants in long beach"
"Best Rooftops in Los Angeles Ideal for a Summer Afternoon","https://localemagazine.com/best-rooftops-los-angeles/","","","+16927534270","restaurants in long beach"
"Marlena Long Beach","https://www.marlena-longbeach.com/","info@marlena-longbeach.com","","+15622031500","restaurants in long beach"
"Locales Only Podcast · Locale Magazine","https://localemagazine.com/locales-only-podcast/","","","+16927534270","restaurants in long beach"
"localemagazine.com","https://localemagazine.com/best-happy-hours-in-long-beach/credit-sam-h-habibeh_ammatoli_amm3/#main","","","+12222222222","restaurants in long beach"
"localemagazine.com","https://localemagazine.com/best-long-beach-restaurants/0001-marlena-2023-11-29-ig-min/#main","","","+17777777777","restaurants in long beach"
"13 Unique Things to Do in Long Beach on Your Next Date","https://localemagazine.com/best-valentines-day-dates-in-long-beach/","","","+16927534270","restaurants in long beach"
"Fish House Menu","https://localemagazine.com/ads/rectangle-pacific-catch-san-diego/","","","+11752897993","restaurants in long beach"
"Seafood Enchilada Recipe and Strawberry Cadillac Margarita","https://localemagazine.com/seafood-enchilada-recipe-and-cadillac-margarita/","","","+16927534270","restaurants in long beach"
"ESCAPE","https://localemagazine.com/ultimate-travel-guides/home-away-palm-springs/","","","+16927534270","restaurants in long beach"
"Best Oceanfront Restaurants Orange County","https://localemagazine.com/oceanfront-restaurants-orange-county/","","","+16927534270","restaurants in long beach"
"Unwind in Paradise: Your Guide to a Laguna Beach Staycation","https://localemagazine.com/laguna-beach-staycation/","","","+16927534270","restaurants in long beach"
"Happy Hour - Long Beach","https://www.cafesevilla.com/menu/happy-hour-long-beach/","","","+19496881555","restaurants in long beach"
"Locale Magazine · HOME","https://localemagazine.com","","","+16927534270","restaurants in long beach"
"Locale Magazine · HOME","http://www.localemagazine.com","","","+16927534270","restaurants in long beach"
"Arizona · Locale Magazine","https://localemagazine.com/arizona/","","","+16927534270","restaurants in long beach"
"ESCAPE","https://localemagazine.com/ultimate-travel-guides/home-away-san-francisco/","","","+16927534270","restaurants in long beach"
"Best Brunch Spots in West Hollywood","https://localemagazine.com/best-brunch-west-hollywood/","","","+16927534270","restaurants in long beach"
"Ultimate Travel Guides · Locale Magazine","https://localemagazine.com/ultimate-travel-guides/","","","+16927534270","restaurants in long beach"
"June 15 · Locale Magazine","https://localemagazine.com/2024/06/15/","","","+16927534270","restaurants in long beach"
"Orange County · Locale Magazine","https://localemagazine.com/orange-county/","","","+16927534270","restaurants in long beach"
"Summer in Palm Springs","https://localemagazine.com/ads/gps-monthly-rotating-rectangle-banner-visit-greater-palm-springs-4/","","","+16964149241","restaurants in long beach"
"USA · Locale Magazine","https://localemagazine.com/regions/domestic/","","","+16927534270","restaurants in long beach"
"Altar Society Brewing and Coffee Co.","https://altarsocietybrewco.com/","","","+17259605096","restaurants in long beach"
"Cannabis · Locale Magazine","https://localemagazine.com/tag/cannabis/","","","+16927534270","restaurants in long beach"
"Gaucho Beach","https://www.gauchobeach.com/","","","+16509186351","restaurants in long beach"
"ESCAPE","https://localemagazine.com/ultimate-travel-guides/home-away-las-vegas/","","","+16927534270","restaurants in long beach"
"10 Happy Hours in Long Beach to Kick off the Weekend Early","https://localemagazine.com/best-happy-hours-in-long-beach/","","","+16927534270","restaurants in long beach"
"SHOPPE · Locale Magazine","https://localemagazine.com/style-in-southern-california/","","","+16927534270","restaurants in long beach"
"Best Laguna Beach Restaurants for a Dinner Date","https://localemagazine.com/best-laguna-beach-restaurants/","","","+16927534270","restaurants in long beach"
"Culinary Adventures OC: ENTER TO WIN a Culinary Adventure","https://localemagazine.com/ads/irvine-company-retail-rectangle-1/","","","+16927534270","restaurants in long beach"
"SHOPPE","https://localemagazine.com/style-in-southern-california/style-in-los-angeles/","","","+16927534270","restaurants in long beach"
"SHOPPE","https://localemagazine.com/style-in-southern-california/style-in-san-diego-style-in-southern-california/","","","+16927534270","restaurants in long beach"
"Locales Only Podcast · Locale Magazine","https://localemagazine.com/ads/auto-draft-37/","","","+16927534270","restaurants in long beach"
"Availability","https://localemagazine.com/ads/gps-monthly-in-story-ad-custom-story-renaissance-esmeralda/","","","+18882362427","restaurants in long beach"
"SeaWorld San Diego Theme Park","https://localemagazine.com/ads/seaworld-in-story/","","","+18007362808","restaurants in long beach"
"Fall into Aloha","https://localemagazine.com/ads/grand-wailea-in-story-1/","","","+18008886100","restaurants in long beach"
"23 of the Best Rooftops in San Diego With Views for Days","https://localemagazine.com/best-san-diego-rooftops/","","","+16927534270","restaurants in long beach"
"Home","https://www.charmsiamrestaurant.com/","e081c35a018348d18e09ed427bf39b65@o462166.ingest.sentry.io","","+16382736691","restaurants in long beach"
"Family Friendly · Locale Magazine","https://localemagazine.com/tag/family-friendly/","","","+16927534270","restaurants in long beach"
"2025 US Open of Surfing","https://localemagazine.com/ads/in-story-ad-constellation-brands-pacifico/","","","+10254417823","restaurants in long beach"
"ALIVE","https://localemagazine.com/what-to-do-in-southern-california/what-to-do-in-san-francisco/","","","+16927534270","restaurants in long beach"
"Camping · Locale Magazine","https://localemagazine.com/tag/camping/","","","+16927534270","restaurants in long beach"
"Sharon Williams, Author at Locale Magazine","https://localemagazine.com/author/sharonwilliams/","","","+16927534270","restaurants in long beach"
"Must","https://localemagazine.com/lido-marina-village/","","","+16927534270","restaurants in long beach"
"ESCAPE","https://localemagazine.com/ultimate-travel-guides/home-away-san-diego/","","","+16927534270","restaurants in long beach"
"ESCAPE","https://localemagazine.com/ultimate-travel-guides/home-away-orange-county/","","","+16927534270","restaurants in long beach"
"FOODIE","https://localemagazine.com/best-restaurants-near-me/what-to-eat-drink-las-vegas/","","","+16927534270","restaurants in long beach"
"San Diego · Locale Magazine","https://localemagazine.com/san-diego/","","","+16927534270","restaurants in long beach"
"Los Angeles · Locale Magazine","https://localemagazine.com/los-angeles/","","","+16927534270","restaurants in long beach"
"localemagazine.com","https://localemagazine.com/best-happy-hours-in-long-beach/credit-sam-h-habibeh_ammatoli_amm2/#main","","","+12222222222","restaurants in long beach"
"FOODIE","https://localemagazine.com/best-restaurants-near-me/what-to-eat-drink-in-los-angeles/","","","+16927534270","restaurants in long beach"
"SHOPPE","https://localemagazine.com/style-in-southern-california/style-beauty-san-francisco/","","","+16927534270","restaurants in long beach"
"Contributor · Locale Magazine","https://localemagazine.com/contributor/","","","+16927534270","restaurants in long beach"
"Thai Street Food","https://www.chiangrailb.com/","605a7baede844d278b89dc95ae0a9123@sentry-next.wixpress.com","8eb368c655b84e029ed79ad7a5c1718e@sentry.wixpress.com","+12015960785","restaurants in long beach"
"Culinary Adventures OC: ENTER TO WIN a Culinary Adventure","https://localemagazine.com/ads/irvine-company-retail-leaderboard-1/","","","+16927534270","restaurants in long beach"
"Fish House Menu","https://localemagazine.com/ads/in-story-pacific-catch-san-diego/","","","+11752898877","restaurants in long beach"
"Bare It All: Here are the Best Nude Resorts and Pools in California","https://localemagazine.com/bare-it-all-here-are-the-best-nude-resorts-and-pools-in-california/","","","+16927534270","restaurants in long beach"
"Michelin","https://localemagazine.com/best-michelin-star-restaurants-in-la/","tsbphoto@aol.com","","+16927534270","restaurants in long beach"
"Localendar · Locale Magazine","https://localemagazine.com/localendar/","gem@theinfluence.com","tabitha@theinfluence.com, sandiegostore@aliceandolivia.com, ali@theinfluence.com","+16927534270","restaurants in long beach"
"ALIVE · Locale Magazine","https://localemagazine.com/what-to-do-in-southern-california/","","","+16927534270","restaurants in long beach"
"A PCH","https://www.riverjettyrg.com/a-pch/","apch@riverjettyrg.com","","+14334226904","restaurants in long beach"
"SHOPPE","https://localemagazine.com/style-in-southern-california/style-in-orange-county/","","","+16927534270","restaurants in long beach"
"Culinary Adventures OC: ENTER TO WIN a Culinary Adventure","https://localemagazine.com/ads/irvine-company-retail-in-story-1/","","","+16927534270","restaurants in long beach"
"Writer","https://localemagazine.com/author/allielebos/","","","+16927534270","restaurants in long beach"
"ALIVE","https://localemagazine.com/what-to-do-in-southern-california/what-to-do-in-san-diego-do/","","","+16927534270","restaurants in long beach"
"ALIVE","https://localemagazine.com/what-to-do-in-southern-california/what-to-do-in-palm-springs/","","","+16927534270","restaurants in long beach"
"Heritage","https://heritagerestaurant.fullbellyfoodgroup.com/","info@heritagerestaurantlb.com","reservations@heritagerestaurantlb.com","+15623431068","restaurants in long beach"
"Subscribe to Locale Magazine's Newsletter","https://localemagazine.com/subscribe/","","","+16927534270","restaurants in long beach"
"Media Kits · Locale Magazine","https://localemagazine.com/media-kit/","","","+16927534270","restaurants in long beach"
"FOODIE","https://localemagazine.com/best-restaurants-near-me/what-to-eat-drink-in-orange-county/","","","+16927534270","restaurants in long beach"
"itinerary · Locale Magazine","https://localemagazine.com/tag/itinerary/","","","+16927534270","restaurants in long beach"
"San Diego Dining Experiences That’ll Knock Your Socks Off","https://localemagazine.com/unique-san-diego-dining-experiences/","","","+16927534270","restaurants in long beach"
"Buy mangettelb.com Domain on GoDaddy for 395","https://mangettelb.com/","","","+11746600439","restaurants in long beach"
"FOODIE · Locale Magazine","https://localemagazine.com/best-restaurants-near-me/","","","+16927534270","restaurants in long beach"
"Privacy Policy","https://localemagazine.com/privacy-policy/","","","+16927534270","restaurants in long beach"
